{
  "A": [
    [
      48,
      16,
      48,
      40,
      36,
      48,
      49,
      14
    ],
    [
      36,
      38,
      49,
      32,
      30,
      2,
      2,
      16
    ],
    [
      40,
      38,
      11,
      29,
      4,
      8,
      20,
      17
    ],
    [
      37,
      44,
      39,
      2,
      42,
      25,
      47,
      36
    ],
    [
      5,
      18,
      20,
      17,
      45,
      12,
      11,
      13
    ],
    [
      40,
      23,
      9,
      10,
      5,
      31,
      41,
      21
    ],
    [
      34,
      4,
      5,
      36,
      11,
      47,
      33,
      2
    ],
    [
      30,
      11,
      20,
      10,
      30,
      13,
      37,
      12
    ]
  ],
  "B": [
    [
      24,
      26,
      33,
      6,
      16,
      39,
      31,
      15
    ],
    [
      21,
      39,
      1,
      35,
      11,
      29,
      12,
      5
    ],
    [
      16,
      37,
      49,
      3,
      38,
      41,
      7,
      45
    ],
    [
      4,
      34,
      34,
      29,
      25,
      12,
      31,
      4
    ],
    [
      48,
      34,
      2,
      11,
      39,
      20,
      32,
      47
    ],
    [
      26,
      23,
      31,
      38,
      15,
      28,
      28,
      37
    ],
    [
      25,
      30,
      7,
      11,
      2,
      39,
      8,
      44
    ],
    [
      24,
      12,
      1,
      49,
      49,
      31,
      28,
      46
    ]
  ],
  "C": [
    [
      25,
      15,
      2,
      49,
      5,
      7,
      5,
      13
    ],
    [
      28,
      4,
      44,
      41,
      30,
      13,
      42,
      16
    ],
    [
      24,
      19,
      32,
      42,
      38,
      19,
      20,
      2
    ],
    [
      36,
      19,
      11,
      6,
      1,
      20,
      41,
      40
    ],
    [
      36,
      21,
      24,
      13,
      46,
      20,
      37,
      7
    ],
    [
      30,
      34,
      20,
      26,
      47,
      35,
      9,
      23
    ],
    [
      13,
      13,
      31,
      29,
      48,
      49,
      23,
      12
    ],
    [
      37,
      46,
      15,
      33,
      42,
      48,
      31,
      27
    ]
  ],
  "D": [
    [
      12,
      18,
      10,
      23,
      47,
      7,
      31,
      18
    ],
    [
      42,
      35,
      26,
      7,
      35,
      43,
      24,
      47
    ],
    [
      3,
      39,
      23,
      11,
      15,
      21,
      23,
      46
    ],
    [
      5,
      17,
      17,
      14,
      17,
      28,
      36,
      2
    ],
    [
      28,
      38,
      9,
      16,
      9,
      31,
      44,
      39
    ],
    [
      41,
      8,
      42,
      45,
      8,
      11,
      33,
      38
    ],
    [
      46,
      43,
      31,
      49,
      42,
      5,
      24,
      18
    ],
    [
      47,
      9,
      19,
      44,
      17,
      34,
      26,
      37
    ]
  ],
  "E": [
    [
      6953,
      8974,
      7229,
      5597,
      6676,
      9193,
      6536,
      9388
    ],
    [
      4500,
      6637,
      4867,
      3833,
      5644,
      6129,
      4387,
      5371
    ],
    [
      3358,
      5039,
      3296,
      3845,
      3350,
      5072,
      3660,
      3547
    ],
    [
      7149,
      8034,
      4468,
      5630,
      6479,
      8831,
      5438,
      9161
    ],
    [
      3945,
      4442,
      2293,
      2922,
      4057,
      3809,
      3266,
      4774
    ],
    [
      4202,
      4975,
      3403,
      4075,
      3256,
      5934,
      3833,
      5312
    ],
    [
      3747,
      4918,
      4307,
      3771,
      2976,
      4964,
      4241,
      4699
    ],
    [
      4302,
      4862,
      3055,
      2734,
      3638,
      5208,
      3468,
      5516
    ]
  ],
  "F": [
    [
      2449,
      2464,
      2260,
      2600,
      3095,
      2933,
      3854,
      2377
    ],
    [
      4898,
      6251,
      4515,
      5557,
      5223,
      4267,
      6625,
      5810
    ],
    [
      4249,
      5533,
      3982,
      4156,
      4355,
      4388,
      6279,
      5519
    ],
    [
      5907,
      4165,
      4089,
      5851,
      5195,
      3284,
      4769,
      5076
    ],
    [
      5590,
      6102,
      4213,
      5178,
      5255,
      4092,
      6394,
      6244
    ],
    [
      6224,
      5612,
      4695,
      5292,
      4814,
      5489,
      7179,
      7286
    ],
    [
      5915,
      5704,
      5105,
      5765,
      4018,
      4663,
      7065,
      6921
    ],
    [
      8425,
      6978,
      6340,
      7339,
      6658,
      6379,
      8662,
      8603
    ]
  ],
  "G": [
    [
      337050461,
      331657104,
      272076724,
      320534345,
      297053881,
      276928596,
      394511183,
      371639206
    ],
    [
      227746576,
      226807365,
      184191188,
      217604068,
      202252081,
      186918066,
      267758179,
      252040921
    ],
    [
      171448886,
      168557464,
      138285912,
      164246451,
      151383226,
      139681556,
      199771298,
      188684093
    ],
    [
      309628324,
      300044304,
      247842198,
      293607039,
      272197128,
      252124439,
      358278065,
      338153508
    ],
    [
      164346618,
      160418879,
      131965600,
      156596774,
      145140287,
      133373780,
      190676992,
      179431414
    ],
    [
      195748671,
      189353915,
      156995269,
      185901277,
      171424151,
      159521260,
      226466734,
      214151678
    ],
    [
      186046873,
      182509678,
      150528916,
      177650081,
      163492865,
      152434029,
      217380743,
      204919434
    ],
    [
      183216639,
      178981407,
      147472820,
      173769792,
      161065525,
      150578972,
      213942065,
      201329739
    ]
  ]
}
