{
  "A_int0_0": [
    [
      37,
      58,
      40,
      98,
      82,
      40,
      58,
      27
    ],
    [
      78,
      27,
      8,
      54,
      12,
      41,
      77,
      28
    ],
    [
      52,
      48,
      18,
      14,
      59,
      88,
      39,
      87
    ],
    [
      45,
      60,
      97,
      2,
      11,
      70,
      53,
      26
    ],
    [
      78,
      65,
      4,
      8,
      25,
      81,
      64,
      17
    ],
    [
      36,
      94,
      55,
      71,
      88,
      91,
      90,
      61
    ],
    [
      6,
      98,
      3,
      51,
      94,
      18,
      73,
      44
    ],
    [
      96,
      48,
      85,
      85,
      37,
      2,
      18,
      24
    ]
  ],
  "B_int0_0": [
    [
      0,
      51,
      18,
      57,
      64,
      52,
      15,
      13
    ],
    [
      30,
      9,
      57,
      97,
      92,
      78,
      0,
      68
    ],
    [
      89,
      39,
      21,
      14,
      41,
      47,
      32,
      96
    ],
    [
      61,
      37,
      26,
      66,
      64,
      35,
      37,
      20
    ],
    [
      61,
      80,
      37,
      29,
      41,
      29,
      91,
      22
    ],
    [
      42,
      12,
      5,
      51,
      27,
      96,
      92,
      91
    ],
    [
      45,
      24,
      73,
      9,
      95,
      18,
      80,
      32
    ],
    [
      10,
      58,
      2,
      20,
      29,
      83,
      35,
      27
    ]
  ],
  "C_int0_0": [
    [
      45,
      87,
      31,
      42,
      48,
      77,
      78,
      71
    ],
    [
      95,
      73,
      76,
      57,
      41,
      44,
      46,
      78
    ],
    [
      87,
      33,
      5,
      26,
      37,
      77,
      79,
      23
    ],
    [
      7,
      34,
      37,
      82,
      88,
      80,
      32,
      49
    ],
    [
      41,
      13,
      38,
      40,
      41,
      6,
      20,
      88
    ],
    [
      36,
      88,
      96,
      75,
      7,
      69,
      50,
      29
    ],
    [
      62,
      75,
      77,
      93,
      34,
      7,
      56,
      88
    ],
    [
      14,
      65,
      27,
      66,
      87,
      51,
      10,
      23
    ]
  ],
  "D_int0_0": [
    [
      13,
      0,
      31,
      27,
      31,
      75,
      11,
      30
    ],
    [
      18,
      61,
      96,
      18,
      25,
      62,
      10,
      3
    ],
    [
      79,
      63,
      56,
      10,
      88,
      97,
      89,
      45
    ],
    [
      46,
      40,
      46,
      54,
      16,
      68,
      88,
      26
    ],
    [
      38,
      33,
      3,
      38,
      20,
      60,
      83,
      0
    ],
    [
      68,
      97,
      42,
      37,
      69,
      79,
      78,
      38
    ],
    [
      54,
      2,
      92,
      32,
      77,
      33,
      44,
      69
    ],
    [
      37,
      8,
      78,
      12,
      45,
      32,
      39,
      43
    ]
  ],
  "E_int0_0": [
    [
      20840,
      17593,
      14882,
      20243,
      26351,
      21261,
      22188,
      18254
    ],
    [
      11015,
      11455,
      10841,
      14433,
      20986,
      16422,
      15428,
      11913
    ],
    [
      13816,
      16062,
      10058,
      17086,
      20401,
      25866,
      21504,
      18851
    ],
    [
      16811,
      11192,
      10997,
      14761,
      20635,
      21800,
      16444,
      23027
    ],
    [
      10771,
      10509,
      11437,
      17107,
      21433,
      20658,
      17036,
      16406
    ],
    [
      25896,
      21284,
      19410,
      25849,
      34135,
      32245,
      30642,
      28304
    ],
    [
      16533,
      15232,
      16068,
      18437,
      25338,
      19302,
      19663,
      15280
    ],
    [
      17581,
      16596,
      11200,
      18745,
      23462,
      19287,
      13136,
      16592
    ]
  ],
  "F_int0_0": [
    [
      20431,
      18717,
      29507,
      13380,
      22444,
      28441,
      24011,
      15459
    ],
    [
      21095,
      17858,
      29118,
      13311,
      23278,
      32849,
      25456,
      16171
    ],
    [
      15075,
      12400,
      19748,
      11456,
      17549,
      22470,
      17470,
      12976
    ],
    [
      19723,
      18805,
      19715,
      13515,
      17584,
      26022,
      27789,
      11464
    ],
    [
      11911,
      7466,
      15566,
      7357,
      12314,
      16697,
      15666,
      9411
    ],
    [
      21817,
      21672,
      28171,
      12333,
      23020,
      31017,
      25714,
      14933
    ],
    [
      20565,
      15763,
      30124,
      13215,
      21496,
      30350,
      25733,
      15882
    ],
    [
      14686,
      16328,
      16339,
      11171,
      12555,
      22502,
      21551,
      7163
    ]
  ],
  "G_int0_0": [
    [
      2922597676,
      2574750203,
      3795946050,
      1910298034,
      3014426596,
      4215377175,
      3694633793,
      2080459539
    ],
    [
      2015254982,
      1766858198,
      2605892775,
      1313002367,
      2075572778,
      2904806248,
      2551338323,
      1434741705
    ],
    [
      2636104493,
      2351099196,
      3412863939,
      1708656516,
      2706503129,
      3810929467,
      3335467085,
      1854513688
    ],
    [
      2434211226,
      2190163766,
      3137042123,
      1594597611,
      2488896836,
      3514923140,
      3094104931,
      1698625651
    ],
    [
      2248831697,
      1996921054,
      2883776034,
      1467084517,
      2299546535,
      3238522295,
      2860252682,
      1579244895
    ],
    [
      3936389157,
      3490382657,
      807053172,
      2571436793,
      4048469124,
      1386460902,
      688434555,
      2784863790
    ],
    [
      2616647141,
      2294338363,
      3392317008,
      1712218412,
      2702671108,
      3773747925,
      3306337403,
      1870191545
    ],
    [
      2461889979,
      2187946770,
      3168089291,
      1607206988,
      2530652356,
      3546630292,
      3120278462,
      1736670576
    ]
  ]
}
